@relation 'figure1-weka.filters.unsupervised.attribute.Remove-V-R3754,72,3878,3135,3689,3755,3624,1833,773,77,2454,2859,3679,3149,74,2759,2750,380-381,3643,4027'

@attribute GENE1610X numeric
@attribute GENE3943X numeric
@attribute GENE493X numeric
@attribute GENE390X numeric
@attribute GENE1537X numeric
@attribute GENE1609X numeric
@attribute GENE384X numeric
@attribute GENE2760X numeric
@attribute GENE2380X numeric
@attribute GENE3945X numeric
@attribute GENE938X numeric
@attribute GENE597X numeric
@attribute GENE385X numeric
@attribute GENE374X numeric
@attribute GENE3941X numeric
@attribute GENE655X numeric
@attribute GENE639X numeric
@attribute GENE3641X numeric
@attribute GENE3642X numeric
@attribute GENE3573X numeric
@attribute class {ACL,nonACL}

@data
2.01,1.74,-0.25,0.1,0.99,4.45,1.74,-0.12,-2.09,2.68,3.09,0.3,-0.15,1.12,1.71,1.17,0.76,1.64,2.3,0.17,ACL
0,2.11,0.95,1.11,0.39,3.99,1.77,-0.36,-0.53,1.28,1.73,0.14,-0.05,0,2.35,0.66,0.61,-0.12,0.09,0.82,ACL
-0.62,1.29,1.27,0.11,1.15,-0.58,2,-0.32,-1.33,1.74,0.13,0.31,1.31,0.68,-0.32,0.61,0.4,0.55,0.98,0.16,ACL
1.68,1.12,0.37,0.41,-0.12,0.64,0.95,-0.45,0.17,1.06,0.05,0.01,0.19,0.36,0.1,1.62,0.82,0.21,0.81,0.39,ACL
2.51,1.18,0.8,2.22,0.14,3.63,1.98,-0.77,-1.71,1.34,1.51,0.21,0.97,0.26,-0.48,1.15,0.4,1.05,1.38,-0.07,ACL
2.35,1.38,0.75,0.88,0.92,1.16,0.12,-0.83,-0.19,1.29,1.01,0.15,0.62,0.78,-0.41,0.57,0.1,0.53,0.79,0.09,ACL
1.1,1.05,0.37,0.26,0.39,1.12,1.91,-0.08,-0.1,0.34,1.15,0.55,0.41,0.47,0.27,0.28,0.2,0.44,0.99,0.89,nonACL
2.26,0.54,0.23,0.58,0.25,0.95,1.17,0.08,0.94,0.94,-0.29,0.76,0.17,-0.47,0.71,0.58,0.17,0.94,1.05,0.2,nonACL
2.85,-0.26,-0.04,0.31,0.14,2.09,0.1,0,-0.22,0.55,1.01,-0.24,-0.61,-0.29,0.03,0.19,-0.28,-0.45,-0.02,-0.09,nonACL
-2.59,-1.05,-0.85,-0.53,-0.19,-1.19,-1.46,0.43,1.14,-1.28,-0.9,-0.19,-0.31,-0.6,-0.52,-0.28,-0.27,-0.18,0.09,-0.2,nonACL
-2.5,-1.02,-0.79,-0.43,-0.36,-1.47,-1.14,0.08,1.83,-1.1,-0.87,0.25,-0.04,0,-0.55,-0.63,-0.06,0.19,0.24,-0.44,nonACL
-3.18,-0.35,-0.08,0.57,-0.32,?,2.44,0.43,2.22,-1.78,-1.31,1.11,-0.65,0.37,-0.38,1,0.75,-1.59,-1.21,0.97,nonACL
0.97,-1.49,0.92,0.29,-0.08,0.71,-1.23,-0.66,1.14,-1.75,-1.18,0.15,-0.25,0.15,-1.6,0.73,0.68,-1.39,-1.11,0.06,nonACL
0.55,-1.72,0.22,0.46,0.45,0.82,-0.21,0.2,1.93,-1.52,-0.93,0.61,0.22,0.46,-1.12,0.62,0.46,-1.56,-1.13,-0.57,nonACL
2.14,0.87,-0.18,-0.41,0.13,1.37,-0.73,-0.54,-0.02,-0.68,0.85,0.4,-0.23,-0.22,0.49,-0.26,0.64,-0.32,-0.01,0.22,nonACL
1.12,0.36,-0.37,-0.37,-0.01,0.25,-1.26,2.02,-0.21,-1.39,0.49,0.84,-0.66,-0.48,-0.93,-0.17,-0.38,0.69,1.01,-0.39,nonACL
2.42,0.45,0.33,-0.15,0.62,2.86,1.27,0.38,0.1,0.73,0.96,0.32,0.39,0.39,0.12,0.1,0.03,0.31,0.52,0.2,ACL
3.2,0.42,0.18,-0.21,0.02,2.97,0.58,0.76,-0.25,0.49,1.26,0.33,0,-0.09,-0.08,0.2,-0.44,0.37,0.76,-0.39,nonACL
3.64,0.46,0.38,0.16,0.5,3.7,0.81,-0.08,-1.37,0.74,1.29,1,0.9,0.28,-0.44,0.09,0.12,0.97,1.2,0.3,ACL
2.88,-0.02,0.76,0.36,0.75,1.42,0.83,-0.64,-0.97,-0.01,1.16,0.41,0.6,0.07,1.11,-0.84,-0.11,0.98,0.74,1.41,ACL
1.6,-0.76,0.14,0.12,0.09,0.34,0.89,0.1,0.96,0.53,?,-0.13,0.42,0.58,0.43,0.27,0,0.41,0.82,0.29,nonACL
3.72,0.35,0.25,-0.1,0.49,2.95,1.54,-1.21,-0.79,1.34,-1.18,0.04,0.63,-0.05,0.83,0.07,0.24,1.13,1.07,0.6,ACL
0.61,-1.32,-0.01,-0.35,-0.1,-0.49,0.72,-1,0.25,-0.09,-1.05,-0.42,-0.11,-0.19,-0.74,-1.11,-0.87,0.41,0.44,-0.02,nonACL
2.86,-1.28,0.24,-0.09,0.23,2.07,0,0.58,1.47,-1.24,-0.77,-0.26,0,-0.22,-0.98,0.18,0.6,-0.63,-0.64,0.22,nonACL
2.26,0.21,0.37,-0.22,0.41,1.59,-0.1,-0.43,1.68,-1.21,-1.38,0.12,0.26,0.11,-0.5,0.24,0.72,-0.98,-1.12,0.41,nonACL
2.87,-1.36,0.47,0.23,0.34,0.49,0.08,-0.29,0.83,-0.39,-0.93,0.37,0.21,-1.19,-0.71,-0.35,0.6,-0.54,-1.31,0.24,nonACL
1.55,-0.86,0.15,0.05,-0.16,-0.5,-0.05,0.28,1.21,0.26,0.31,0.04,0.49,0.04,-1.04,0.26,0.09,-0.81,-0.9,0.46,nonACL
1.84,-1.25,0.01,0.32,0.2,-0.06,0.07,-0.25,-0.25,-1.38,-0.44,-0.02,0.31,-0.17,-0.41,0.19,-0.16,-0.65,-1.63,0.54,nonACL
2.58,0.87,-0.17,-0.26,1.55,2.01,-0.14,-0.34,-1.03,-0.42,1.03,-0.53,-0.18,-0.92,-0.47,-0.81,-0.89,0,-0.86,0.43,nonACL
0.68,-0.28,0.55,0.09,0.34,0.16,0.73,-0.1,0,0.68,0.74,0.09,0.28,0.87,0.32,0,0.06,0.48,0,0.3,ACL
1.51,0.68,0.16,0.24,0.4,1.82,0.34,-0.61,0.48,0.23,0.09,-0.1,-0.19,-0.07,0.63,0.89,0.46,-0.02,-0.53,-0.24,nonACL
1.9,-0.21,0.58,-0.17,0.44,1.41,1.48,-0.93,-0.22,0.56,-0.05,0.12,0.09,0.15,1.13,0.1,0.34,0.69,-0.14,-0.03,ACL
0.1,0.64,0.7,-0.16,0.4,1.12,0.61,-0.82,-0.47,-0.07,0.84,0,-0.3,-0.13,0.44,0.43,-0.04,-0.11,-0.52,0.22,nonACL
2.38,0.36,0.96,0.45,0.81,2.96,2.06,-0.63,0.05,0.95,0.82,-0.01,1,0.78,0.96,0.33,0.55,-0.02,0.09,0.62,ACL
4.48,0.43,1.09,0.57,0.9,5.07,2.17,-0.36,-0.61,0.62,0.01,0.43,1.51,0.51,-0.19,0.71,0.31,0.31,0.04,0.99,ACL
3.46,0.05,0.51,-0.17,0.29,3.87,1.39,-0.77,-0.38,0.67,0.94,1.02,0.8,0.78,-0.34,0.56,0.38,-0.55,-0.47,0.21,ACL
2.78,0.7,0.63,0.19,0.73,2.03,1.3,0.04,-0.2,0.68,0.59,0.92,0.84,0.44,-0.65,0.58,-0.45,0.95,1.06,-0.07,nonACL
-0.2,0.38,1.22,0.45,0.41,0.03,0.66,-0.49,-0.43,0.69,0,0.68,0.69,0.58,0.38,1.22,0.51,0.27,0,0.36,nonACL
1.06,-0.44,0.82,0.74,0.48,2.6,0.74,-0.84,-0.75,0.99,1.37,0.12,0.28,0.42,0.35,0.92,0.51,-0.15,-0.26,0.77,ACL
3.04,0.23,0.05,1.14,0.48,3.96,0.06,-0.55,-0.09,-0.71,1.53,0.5,0.89,0.45,0.67,1.46,0.28,0.1,-0.41,0.85,ACL
2.57,1.14,-0.56,0.44,-0.02,1.69,0.65,-0.39,-1.07,1.85,1.17,-0.05,-0.01,0.08,-1.35,-0.06,0.45,-0.6,-0.47,-0.51,nonACL
3.45,1.17,0.49,-0.18,0.97,2.37,1.79,-0.71,-1.15,1.63,0.17,0.34,0.92,0.94,0.95,0.09,0.18,0.22,0.23,0.35,ACL
4.64,0.88,0.95,0.62,0.67,3.53,1.48,-1.3,-0.95,1.15,1.02,0.45,1.18,0.91,2.26,0.51,1.3,0.65,0.13,1.25,ACL
3.37,1.88,1.15,0.77,1.11,3.78,3.08,-0.82,2.94,2.77,0.56,0.27,1.11,1.08,2.08,1.08,0.88,2.55,2.34,0.83,ACL
2.92,0.9,0.59,0.36,-0.05,2.68,0.22,-0.44,-1.37,1.23,0.43,0.22,0.42,1.12,1.15,0.73,0.28,0.87,1.12,0.93,ACL
-0.47,-0.56,0.88,0.26,-0.01,-0.33,0.61,-0.52,-0.9,0.11,0.06,0.8,1.14,0.81,0.41,1.13,0.32,-0.17,-0.75,0.65,nonACL
0.56,-0.03,1.11,0.59,0.46,0.47,-0.13,-1.17,-2.35,-0.11,0.55,-0.02,1.05,0.48,1.75,0.74,0.93,0.57,0.15,2.11,ACL
-1.51,0.7,0.02,0.08,0.24,-1.43,0.04,0.34,0.8,0.66,-0.57,0.27,0.44,-0.07,0.54,1.14,0.31,0.88,0.82,0.04,nonACL
-0.93,0.8,-0.06,-0.28,-0.51,-1.55,0.29,0.88,0.87,0.7,-0.54,-0.13,0.1,-0.1,0.38,1.1,0.14,0.8,0.74,0.35,nonACL
-0.2,-0.32,0.55,0.32,-0.33,1.22,0.17,1.14,-0.06,1.42,-0.22,-0.03,0.48,1.03,0.94,1.14,0.48,0.31,-0.05,0.39,nonACL
-1.04,0.23,-0.31,0.3,0.09,-0.57,-1.67,1.16,-0.19,-0.29,-0.87,-0.37,-0.66,-0.1,-0.16,-0.32,-0.22,-0.03,-0.29,-0.97,nonACL
-1.35,-0.22,-0.75,0.13,0.33,0,-0.88,1.74,0.34,0.27,-0.44,-0.41,-0.51,-0.06,-0.06,-0.22,-0.42,-0.41,-0.74,-1.02,nonACL
-0.79,-0.62,0.2,-0.2,-0.46,-1.8,-0.97,1.61,-0.86,0,-0.64,-0.26,-0.35,0.63,-0.53,0.21,-0.14,-0.73,-0.71,-0.32,nonACL
0.07,-1,-0.35,0.38,-0.51,-0.94,-2.03,1.7,0.3,0.63,0.35,-0.51,-0.87,?,-0.8,-0.74,-0.36,-1.09,-0.61,-1.3,nonACL
0.68,-0.6,-0.4,0.67,0.11,-1.62,-2.04,1.27,-1.22,-0.08,-0.66,-0.68,-0.09,0.29,-1.34,-0.34,-0.08,-0.69,-0.19,?,nonACL
0.68,-1.33,?,?,-0.5,-0.59,0.82,1.59,-1.51,1.25,-0.79,-0.25,-0.22,0.41,0.03,?,0,-0.26,-0.55,-1.87,nonACL
0.26,-1.25,-0.2,-0.83,-0.46,0,-1.33,2.31,-0.29,0.51,?,-0.58,-0.84,1.77,-0.28,-0.93,?,-1.15,-0.72,?,nonACL
0.33,-0.8,-0.89,0.5,0.39,-1.14,-0.69,3.48,-0.92,0.03,0.03,0.76,0.16,0.66,0.38,-1.89,-0.66,-0.31,0.44,-0.89,nonACL
-1.17,-0.59,-0.99,-1.65,-0.19,-1.37,-1.73,2.75,-1.75,0,0.9,-0.28,-0.88,-0.53,0,-0.34,-2.39,-0.76,-1.42,-1.34,nonACL
-1.24,-0.49,-1.15,-0.94,-0.37,-0.42,-1.51,2.78,-1.68,-0.64,0.6,-0.08,-0.31,-0.57,-0.07,0.57,-2.3,-0.95,-1.25,-1.12,nonACL
-1.51,-0.58,-0.6,-1.33,-0.03,-2.31,-1.58,1.29,-1.59,-0.47,0.56,-0.08,-0.46,-0.29,-0.32,-1.9,-1.72,-0.53,-0.55,-1.17,nonACL
-1.21,-0.58,-0.31,-0.38,-0.35,-1.34,-0.66,0.24,-1.4,-0.27,0.52,-0.1,-0.47,-0.26,0.16,-2.39,-0.72,-0.38,-0.71,-1.07,nonACL
-1.42,-0.37,-0.22,0.49,0.8,-0.57,-0.56,0.05,-1.29,-0.76,0.14,0,-0.41,-0.1,-0.68,-1.73,0.43,-0.59,-0.36,-0.88,nonACL
-2.67,-1.1,0.15,-1.18,0.22,?,-1.81,0.21,0.5,-0.95,-1.08,1.24,-0.05,0.74,-0.8,-0.26,0.85,-1.21,-1.17,-1.41,nonACL
-2.26,-1.06,-0.1,-0.26,-0.2,-1.72,-0.83,-0.93,-0.15,-1.29,-0.61,0.76,-0.11,0.07,-1.31,0.9,1.01,-1.96,-2.36,-0.62,nonACL
-2.64,-2.17,0.55,0.03,-0.13,-1.9,-0.78,0,-2.4,-0.84,-0.96,0.97,0.07,?,-1.52,0.72,0.65,-2.06,-3.19,-1.22,nonACL
-2.51,0.68,1.32,0.01,0.06,-1.16,1.1,-0.29,-2.23,-1.01,-0.99,1.24,0.26,1.31,0.23,0.13,1.58,-0.25,-0.9,-0.02,nonACL
-0.18,-0.82,0.31,0.67,0.48,-0.19,-1.96,0.07,-1.74,-0.38,-0.24,1.17,0.35,?,-1.34,1.44,0.28,-2.03,-2.71,0.43,nonACL
0.51,-0.24,-1.49,0,0.14,5.19,-0.99,-2.2,-3.48,-1.48,-1.57,0.3,0.4,?,-2.03,0.61,0.53,-2.03,-2,-0.28,nonACL
-1.59,-0.07,0.14,-0.23,0.12,-0.75,-0.26,0.96,-0.67,0.37,0.49,0,-1.41,-1.24,0.61,0.76,0.07,-0.04,-0.44,-2.54,nonACL
0.19,0.3,0.12,0.05,-0.21,0.14,-1.12,-0.94,3.38,-1,-0.21,0.05,-0.19,0.04,0.74,-0.56,0.47,-0.15,-0.52,0.01,ACL
-1.58,0.83,-0.64,0.07,-0.2,-0.5,0.55,0.19,0.15,-1.57,-0.08,0.09,-0.2,0,0.05,-0.28,-0.34,0.68,0.97,0.42,nonACL
-1.42,0.96,?,-0.51,-0.2,-0.31,0.25,0.96,0.27,-1.66,0.27,-0.38,-0.5,-0.36,0.86,-0.84,-0.35,0.69,0.7,0.18,nonACL
-1.57,0.37,-0.41,-0.03,-0.42,-0.28,-0.83,1.03,2.06,-0.01,-0.34,-0.27,-0.24,-0.21,0.21,-0.42,-0.19,0.13,0.3,-0.71,nonACL
-2.28,-0.19,-0.51,-0.37,-0.36,-0.47,-1.73,0.47,1.64,-0.28,-0.37,-0.22,-0.29,-0.32,0.37,-0.95,-0.63,0.35,0.81,-0.06,nonACL
-2.16,-0.46,-0.61,-0.6,-0.57,-0.66,-1.34,0.12,1.25,-0.45,-0.35,-0.32,-0.28,-0.04,0.1,-1.08,-1.17,0.39,0.65,-0.26,nonACL
-2.09,0,-0.62,-0.18,-0.31,-0.95,-0.8,-0.24,0.72,-1.56,-0.03,-0.24,-0.42,0.15,0.11,-0.81,-0.57,0.62,0.83,0.1,nonACL
-2.11,0.34,-0.6,-0.34,-0.49,?,-0.85,0.4,1.21,-2.15,0,0.06,-0.54,-0.3,-0.01,-0.77,-0.38,0.66,1.03,-0.45,nonACL
-2.12,-0.75,-0.73,-0.97,-0.61,-1.35,-1.66,0.28,1.26,-0.34,-0.72,-0.55,-0.51,-0.13,-0.58,-1.34,-0.86,-0.12,-0.14,-0.08,nonACL
-1.51,-1.38,-0.36,-0.93,-0.77,-1.87,-1.62,-0.05,1.06,-0.1,-0.23,-0.93,-0.63,-0.38,0.24,-1.29,-0.77,0,0.05,0,nonACL
-1.79,-0.62,-0.36,-0.26,-0.45,-0.1,-0.51,-0.02,1.26,-0.83,-0.07,-0.64,-0.18,-0.56,0.45,-1.36,-0.93,0.5,0.2,-0.24,nonACL
-1.61,-0.39,-0.45,-0.47,?,?,-0.08,0.34,1.47,-0.26,0.29,-0.46,0.14,-0.41,-0.05,-1.43,-1.27,-0.04,0.23,-0.47,nonACL
-1.38,-0.97,-0.39,0.02,-0.34,-1.1,0.35,1.1,1.46,0.2,-0.68,-1.57,0.1,-0.51,-0.01,-1.55,-1.61,0.22,0.62,-0.34,nonACL
-1.86,-0.85,-0.07,0.12,-0.46,?,0.8,0.61,2.72,-0.09,-0.6,-0.36,-0.34,-0.19,0.02,-1.56,-0.98,0.31,0.71,-0.34,nonACL
-1.62,0.98,-0.41,-0.29,-0.49,?,1.56,0.55,1.89,0.86,-1.33,-1.02,-0.5,0.19,0.57,-1.27,-1.54,-0.07,0.1,-0.09,nonACL
-0.37,-0.27,-0.18,-0.41,-0.66,?,-0.32,?,1.97,0.38,?,-1.08,-0.07,-0.02,-0.48,-1.09,-1.44,-0.26,-0.01,-0.19,nonACL
-0.82,-0.75,-0.44,-0.01,-0.63,-0.52,-0.64,0.4,2.22,1.32,-0.14,-0.95,0.27,-0.6,-0.82,-1.56,-1.47,0.11,-0.1,-0.52,nonACL
-1.29,0.21,-0.69,-1.05,-0.83,-0.67,-1.69,0.01,2,0.47,-0.47,-0.18,-0.12,-0.43,-0.25,-1.75,-1.43,0.1,0.17,-0.47,nonACL
-0.77,0.23,-0.42,-0.11,-0.32,-1.01,-1.54,-0.12,1.65,-0.1,-0.68,-0.48,-0.5,0.1,-0.2,-1.21,-1.23,0.18,0.65,-0.53,nonACL
-1.39,0.31,-0.56,-0.44,-0.51,-1.09,-0.28,0.35,2.24,0.42,-0.53,-0.2,0.07,-0.56,0.38,-1.03,-1.64,-0.32,0.05,-0.11,nonACL
-1.24,0.36,-0.32,-0.45,-0.47,-1.81,-1.41,0.09,2.25,0.71,-1.07,-0.4,0.27,-0.58,-0.46,-1.6,-1.67,-0.35,-0.44,-1.95,nonACL
-1.86,0.6,-1.11,-0.77,-1.13,-1.41,-1.77,-0.52,2.19,-0.19,-0.29,-0.72,-0.02,?,-0.17,-1.61,-1.54,-0.68,-0.15,-0.69,nonACL
-1.86,1.13,-0.43,-0.5,-0.06,-1.7,-1.16,0.01,2.42,0.26,-1.61,-0.32,0.17,-0.5,-0.33,-1.28,-2.08,-0.64,-0.11,0.17,nonACL
-1.39,0.21,0.02,-0.03,-0.5,?,-1.04,-1.16,?,-0.21,0.07,-0.69,0.32,-0.6,0.49,-1.27,-1.48,0.26,0.57,0.59,nonACL
-1.25,-0.07,0,-0.84,-0.06,?,-1.5,-1.07,2.75,-0.48,-0.14,?,?,-0.62,0.52,-1.57,-1.53,0.51,0.17,0.39,nonACL